Riser,Shoulder,Elbow,Wrist,Gripper
0.5325,-10.31041966739194,54.475865463077966,-44.165445795686026,0.0375
0.4325,-10.31041966739194,54.475865463077966,-44.165445795686026,0.0375
0.3825,-10.31041966739194,54.475865463077966,-44.165445795686026,0.0375
0.3825,-10.31041966739194,54.475865463077966,-44.165445795686026,0
GUI,TAKE,a1
0.5325,-10.31041966739194,54.475865463077966,-44.165445795686026,0
0.5325,-21.285711263667555,83.021141389671271,-61.73543012600372,0
0.4325,-21.285711263667555,83.021141389671271,-61.73543012600372,0
0.3825,-21.285711263667555,83.021141389671271,-61.73543012600372,0.0375
GUI,DROP,a3
0.5325,-21.285711263667555,83.021141389671271,-61.73543012600372,0.0375
